annotate-colour: green
created: 20240712141401350
creator: Kosmos
difficulty: 3.9994
due: 20240817163359589
elapsed_days: 9.084926145833334
lapses: 0
last_review: 20240721163359589
modified: 20240721163223807
modifier: Kosmos
reps: 2
scheduled_days: 27
stability: 26.8897021245596
state: 2
tags: ? TiddlyWiki .
title: 20240712221401

!! 全局宏和全局样式的定义

在 TiddlyWiki 中，要想定义的宏在全局生效，需要添加 <<C `$:/tags/Global`>> 标签；同理，使定义的 CSS 样式生效，需添加 <<C `$:/tags/Stylesheet`>> 标签。