annotate-colour: dodgerblue
created: 20240715113739986
creator: Kosmos
difficulty: 3.148
due: 20241229125614871
elapsed_days: 24.822653645833334
lapses: 0
last_review: 20240815125614871
modified: 20240715114156360
modifier: Kosmos
reps: 2
scheduled_days: 136
stability: 136.0582122356928
state: 2
tags: 任务 [[用 AJATT 学习日语]]
title: Recongzizing-Kana
tmo_priority: High
tmo_taskState: New