annotate-colour: green
created: 20240710055043996
creator: Kosmos
difficulty: 6.791199999999999
due: 20240730171112310
elapsed_days: 10.353338356481482
lapses: 0
last_review: 20240721171112310
modified: 20240710055102646
modifier: Kosmos
reps: 4
scheduled_days: 9
stability: 8.92780890057203
state: 2
tags: 意义 学物理
title: 学数学