annotate-colour: dodgerblue
created: 20240710055043996
creator: Kosmos
difficulty: 5.921187999999998
due: 20241111125616342
elapsed_days: 24.822963333333334
lapses: 0
last_review: 20240815125616342
modified: 20240710055102646
modifier: Kosmos
reps: 5
scheduled_days: 88
stability: 88.48522825061029
state: 2
tags: 意义 学物理
title: 学数学