annotate-colour: dodgerblue
created: 20240715111743970
creator: Kosmos
difficulty: 3.148
due: 20241229125600815
elapsed_days: 24.82271934027778
lapses: 0
last_review: 20240815125600815
modified: 20240715111743970
modifier: Kosmos
reps: 2
scheduled_days: 136
stability: 136.05848304315907
state: 2
tags: 意义
title: 学日语