annotate-colour: green
created: 20240710054914586
creator: Kosmos
difficulty: 5.860599999999999
due: 20240803171110112
elapsed_days: 10.383223796296296
lapses: 0
last_review: 20240721171110112
modified: 20240710054914586
modifier: Kosmos
reps: 3
scheduled_days: 13
stability: 13.156565104993408
state: 2
tags: 意义
title: 学物理