annotate-colour: green
created: 20240710054914586
creator: Kosmos
difficulty: 5.851293999999998
due: 20241004125806443
elapsed_days: 24.824263113425925
lapses: 0
last_review: 20240815125806443
modified: 20240710054914586
modifier: Kosmos
reps: 4
scheduled_days: 50
stability: 50.16412673465442
state: 2
tags: 意义
title: 学物理