annotate-colour: dodgerblue
created: 20240710054914586
creator: Kosmos
difficulty: 5.869999999999999
due: 20240713075919577
elapsed_days: 1.0608446412037038
lapses: 0
last_review: 20240711075919577
modified: 20240710054914586
modifier: Kosmos
reps: 2
scheduled_days: 2
stability: 0.6
state: 2
tags: 意义
title: 学物理