annotate-colour: dodgerblue
created: 20240710052857764
creator: Kosmos
difficulty: 5.869999999999999
due: 20240713075917794
elapsed_days: 1.0608384722222222
lapses: 0
last_review: 20240711075917794
modified: 20240710052857764
modifier: Kosmos
reps: 2
scheduled_days: 2
stability: 0.6
state: 2
tags: 意义
title: 我能为身边的人做些什么