annotate-colour: green
created: 20240710052857764
creator: Kosmos
difficulty: 5.860599999999999
due: 20240803171105882
elapsed_days: 10.38319550925926
lapses: 0
last_review: 20240721171105882
modified: 20240710052857764
modifier: Kosmos
reps: 3
scheduled_days: 13
stability: 13.156549411882212
state: 2
tags: 意义
title: 我能为身边的人做些什么