annotate-colour: green
created: 20240710052857764
creator: Kosmos
difficulty: 5.851293999999998
due: 20241004125755148
elapsed_days: 24.824181342592592
lapses: 0
last_review: 20240815125755148
modified: 20240710052857764
modifier: Kosmos
reps: 4
scheduled_days: 50
stability: 50.16400341738774
state: 2
tags: 意义
title: 我能为身边的人做些什么