annotate-colour: dodgerblue
created: 20240710055559717
creator: Kosmos
difficulty: 5.869999999999999
due: 20240713075915654
elapsed_days: 1.0608838425925926
lapses: 0
last_review: 20240711075915654
modified: 20240710055622373
modifier: Kosmos
reps: 2
scheduled_days: 2
stability: 0.6
state: 2
tags: 统计物理 任务
title: 读统计力学教材
tmo_priority: Medium
tmo_taskState: New